HPBUYTIMES = [
	0, 1, 
	1, 2, 
	2, 3, 
	3, 4, 
	4, 5, 
	5, 6, 
	6, 7, 
	7, 8, 
	8, 9, 
	9, 10, 
	10, 11, 
	11, 12, 
	12, 13, 
	13, 14, 
	14, 15, 
	15, 16, 
]
VIP = [
	0, 0, 
	1, 1, 
	2, 100, 
	3, 300, 
	4, 500, 
	5, 1000, 
	6, 2000, 
	7, 3000, 
	8, 5000, 
	9, 7000, 
	10, 10000, 
	11, 15000, 
	12, 20000, 
	13, 40000, 
	14, 80000, 
	15, 150000, 
]
GOLDBUYTIMES = [
	0, 2, 
	1, 5, 
	2, 20, 
	3, 30, 
	4, 40, 
	5, 50, 
	6, 60, 
	7, 70, 
	8, 80, 
	9, 90, 
	10, 100, 
	11, 120, 
	12, 150, 
	13, 200, 
	14, 250, 
	15, 300, 
]
ARENARESETTIMES = [
	1, 0, 
	2, 0, 
	3, 1, 
	4, 2, 
	5, 3, 
	6, 4, 
	7, 5, 
	8, 6, 
	9, 7, 
	10, 8, 
	11, 9, 
	12, 10, 
	13, 11, 
	14, 12, 
	15, 13, 
]
ROCKSTORE = [
	08001, bltx001, 0, 1, 300, 0, 0, 20, 
	08010, bltx000, 0, 2, 1, 1, 0, 1, 
	08013, bltx006, 0, 3, 300, 300, 1, 30, 
	08014, bltx006, 1, 2, 300, 10, 0, 30, 
	08018, bltx002, 0, 2, 50, 0, 0, 5, 
	08020, bltx009, 0, 3, 2000, 2100, 1, 198, 
	08021, bltx009, 1, 2, 2000, 300, 0, 198, 
	08024, bltx008, 0, 3, 1000, 1000, 1, 98, 
	08025, bltx008, 1, 2, 1000, 80, 0, 98, 
	08030, bltx010, 0, 3, 3000, 3200, 1, 298, 
	08031, bltx010, 1, 2, 3000, 800, 0, 298, 
	08034, bltx012, 0, 3, 6000, 6200, 1, 578, 
	08035, bltx012, 1, 2, 6000, 1100, 0, 578, 
	08036, bltx013, 0, 3, 20000, 22000, 1, 1920, 
	08037, bltx013, 1, 2, 20000, 7000, 0, 1920, 
	08038, bltx014, 0, 3, 40000, 43000, 1, 3780, 
	08039, bltx014, 1, 2, 40000, 21000, 0, 3780, 
]
HUNTRESETTIMES = [
	1, 0, 
	2, 0, 
	3, 1, 
	4, 2, 
	5, 3, 
	6, 4, 
	7, 5, 
	8, 6, 
	9, 7, 
	10, 8, 
	11, 9, 
	12, 10, 
	13, 11, 
	14, 12, 
	15, 13, 
]
GAINSTESETTIMES = [
	1, 0, 
	2, 0, 
	3, 1, 
	4, 2, 
	5, 3, 
	6, 4, 
	7, 5, 
	8, 6, 
	9, 7, 
	10, 8, 
	11, 9, 
	12, 10, 
	13, 11, 
	14, 12, 
	15, 13, 
]
BOOKBUYTIMES = [
	0, 15, 
	1, 20, 
	2, 30, 
	3, 40, 
	4, 50, 
	5, 60, 
	6, 70, 
	7, 80, 
	8, 90, 
	9, 100, 
	10, 110, 
	11, 120, 
	12, 130, 
	13, 140, 
	14, 150, 
	15, 160, 
]
MINELIMIT = [
	0, 2, 
	1, 2, 
	2, 2, 
	3, 2, 
	4, 2, 
	5, 4, 
	6, 4, 
	7, 4, 
	8, 4, 
	9, 4, 
	10, 4, 
	11, 4, 
	12, 4, 
	13, 4, 
	14, 4, 
	15, 4, 
]
SPLIMIT = [
	0, 10, 
	1, 10, 
	2, 10, 
	3, 10, 
	4, 10, 
	5, 20, 
	6, 20, 
	7, 20, 
	8, 20, 
	9, 20, 
	10, 20, 
	11, 20, 
	12, 20, 
	13, 20, 
	14, 20, 
	15, 20, 
]
WORSHIPTIMES = [
	0, 1, 
	1, 1, 
	2, 1, 
	3, 1, 
	4, 1, 
	5, 1, 
	6, 1, 
	7, 1, 
	8, 2, 
	9, 2, 
	10, 2, 
	11, 2, 
	12, 2, 
	13, 3, 
	14, 3, 
	15, 3, 
]
PEARLBUYTIMES = [
	0, 15, 
	1, 20, 
	2, 30, 
	3, 40, 
	4, 50, 
	5, 60, 
	6, 70, 
	7, 80, 
	8, 90, 
	9, 100, 
	10, 110, 
	11, 120, 
	12, 130, 
	13, 140, 
	14, 150, 
	15, 160, 
]
HARDBATTTIMES = [
	0, 0, 
	1, 0, 
	2, 1, 
	3, 2, 
	4, 3, 
	5, 4, 
	6, 5, 
	7, 6, 
	8, 7, 
	9, 8, 
	10, 10, 
	11, 12, 
	12, 15, 
	13, 18, 
	14, 21, 
	15, 25, 
]
HPINCR = [
	0, 0, 
	1, 0, 
	2, 10, 
	3, 20, 
	4, 30, 
	5, 40, 
	6, 50, 
	7, 60, 
	8, 70, 
	9, 80, 
	10, 90, 
	11, 100, 
	12, 110, 
	13, 120, 
	14, 130, 
	15, 140, 
]
BMRESETTIMES = [
	0, 2, 
	1, 4, 
	2, 6, 
	3, 8, 
	4, 10, 
	5, 12, 
	6, 14, 
	7, 16, 
	8, 18, 
	9, 20, 
	10, 22, 
	11, 24, 
	12, 26, 
	13, 28, 
	14, 30, 
	15, 32, 
]
MARKETRESETTIMES = [
	0, 2, 
	1, 4, 
	2, 6, 
	3, 8, 
	4, 10, 
	5, 12, 
	6, 14, 
	7, 16, 
	8, 18, 
	9, 20, 
	10, 22, 
	11, 24, 
	12, 26, 
	13, 28, 
	14, 30, 
	15, 32, 
]
STORERESETTIMES = [
	0, 2, 
	1, 4, 
	2, 6, 
	3, 8, 
	4, 10, 
	5, 12, 
	6, 14, 
	7, 16, 
	8, 18, 
	9, 20, 
	10, 22, 
	11, 24, 
	12, 26, 
	13, 28, 
	14, 30, 
	15, 32, 
]
HUNTDOUBEL = [
	0, 1, 
	1, 1, 
	2, 1, 
	3, 2, 
	4, 3, 
	5, 4, 
	6, 5, 
	7, 6, 
	8, 7, 
	9, 8, 
	10, 9, 
	11, 10, 
	12, 11, 
	13, 12, 
	14, 13, 
	15, 14, 
]
